0 734.0
1 734.0
2 734.0
3 784.0
4 1289.0
5 1159.0
6 1159.0
7 1159.0
8 1159.0
9 1234.0
10 1234.0
11 1812.0
12 1812.0
13 1832.0
14 1832.0
15 1832.0
16 2376.0
17 2376.0
18 2376.0
19 2822.0
20 2969.0
21 2969.0
22 2969.0
23 2969.0
24 2969.0
25 3359.0
26 3359.0
27 4063.0
28 4063.0
29 4063.0
30 4063.0
31 4934.0
32 4934.0
33 6879.0 6879.0
34 6879.0
35 6879.0
0 2543.0
1 2543.0
2 2543.0
3 2543.0
4 2543.0
5 2543.0
6 5285.0 5285.0
7 5630.0
8 5630.0
0 3607.0
1 3607.0
2 3607.0
3 3607.0
4 3607.0
5 3607.0
6 3607.0
7 7486.0 7486.0
8 8623.0
9 8002.0
10 8002.0
11 8519.0
12 8522.0
13 8522.0 8522.0
14 8650.0
15 9165.0
16 9165.0
17 8686.0
18 8686.0
19 9222.0 9222.0
20 9093.0
