0 1020.0
1 980.0
2 980.0
3 980.0
4 2400.0
5 2926.0
6 3479.0
7 4635.0
8 4635.0
9 4635.0
10 4635.0
11 4635.0
12 4635.0
13 4635.0
14 4635.0
15 7078.0
16 7078.0
17 7078.0
18 7078.0
19 9655.0
20 9655.0
21 12639.0
22 15441.0
23 15441.0
24 20117.0
25 20117.0
26 20117.0
27 21408.0
28 22596.0
29 22596.0
30 22596.0
31 24112.0
32 24112.0
33 25695.0
34 25695.0
35 25695.0
36 25695.0
37 25695.0
38 25695.0
39 28408.0
40 32856.0
41 34790.0
42 36978.0
43 36978.0
44 36978.0
45 37671.0
46 37671.0
47 37671.0
48 37671.0
49 39026.0
